WARNING: for repeatability, setting FPU to use double precision
 -----------------------------------------------------------------------------------------------------------------------
|                                 manysat2.0    8 thread(s) on 8 core(s)                                                |
 -----------------------------------------------------------------------------------------------------------------------
 ===============================================[ Problem Statistics ]==================================================
|                                                                                                                       |
|  Number of cores:                 8                                                                                   |
|  Number of variables:        517320                                                                                   |
|  Number of clauses:          901809                                                                                   |
|  Parse time:                   1.07 s                                                                                 |
|                                                                                                                       |
 ==============================================[ Search Statistics ]====================================================
|   Thread  | Conflicts |          ORIGINAL         |          LEARNT          |  exported  / imported      |  Progress |
|    (id)   |           |    Vars  Clauses Literals |    Limit  Clauses Lit/Cl |  (clauses by restart)      |           |
 =======================================================================================================================
|         2 |       100 |  265640   650114  1600821 |   330663      291      5 |       21989  -         192 | 48.651 %  |
|         3 |       100 |  265640   650114  1600821 |   330663      542      5 |      228969  -         443 | 48.651 %  |
|         2 |       250 |  265640   650114  1600821 |   363729      675      5 |       21989  -         426 | 48.651 %  |
|         4 |       100 |  265640   650114  1600821 |   330663      736      5 |       23988  -         637 | 48.651 %  |
|         7 |       100 |  265640   650114  1600821 |   330663     1066      5 |       19990  -         967 | 48.651 %  |
|         6 |       100 |  265640   650114  1600821 |   330663     1076      5 |       21989  -         975 | 48.651 %  |
|         7 |       250 |  265640   650112  1600817 |   363729     1273      5 |       19990  -        1024 | 48.651 %  |
|         3 |       250 |  265640   650112  1600817 |   363729     1407      5 |      228969  -        1158 | 48.651 %  |
|         1 |       100 |  265640   650114  1600821 |   330663     1594      5 |       21989  -        1495 | 48.651 %  |
|         3 |       475 |  265640   650112  1600817 |   400102     1670      5 |      228969  -        1196 | 48.651 %  |
|         3 |       812 |  265640   650112  1600817 |   440112     2068      6 |      228969  -        1257 | 48.651 %  |
|         7 |       475 |  265640   650112  1600817 |   400102     2342      6 |       19990  -        1868 | 48.651 %  |
|         5 |       100 |  265640   650114  1600821 |   330663     2391      5 |       23988  -        2292 | 48.651 %  |
|         0 |       100 |  265640   650114  1600821 |   238375     2452      5 |       15992  -        2353 | 48.651 %  |
|         4 |       250 |  265640   650114  1600821 |   363729     2500      5 |       23988  -        2251 | 48.651 %  |
|         6 |       250 |  265640   650112  1600817 |   363729     2850      6 |       21989  -        2599 | 48.651 %  |
|         5 |       250 |  265640   650112  1600817 |   363729     3223      5 |       23988  -        2974 | 48.651 %  |
|         4 |       475 |  265640   650112  1600817 |   400102     3401      5 |       23988  -        2927 | 48.651 %  |
|         7 |       812 |  265640   650112  1600817 |   440112     3775      6 |       19990  -        2964 | 48.651 %  |
|         5 |       475 |  265640   650112  1600817 |   400102     3794      5 |       23988  -        3320 | 48.651 %  |
|         6 |       475 |  265640   650112  1600817 |   400102     3998      6 |       21989  -        3522 | 48.651 %  |
|         5 |       812 |  265640   650112  1600817 |   440112     4349      5 |       23988  -        3538 | 48.651 %  |
|         1 |       250 |  265640   650112  1600817 |   363729     4714      5 |       21989  -        4465 | 48.651 %  |
|         4 |       812 |  265640   650112  1600817 |   440112     5208      5 |       23988  -        4397 | 48.651 %  |
|         4 |      1318 |  265640   650112  1600817 |   484124     5806      6 |       23988  -        4489 | 48.651 %  |
|         0 |       250 |  265640   650112  1600817 |   262212     5744      5 |       15992  -        5495 | 48.651 %  |
|         0 |       475 |  265640   650112  1600817 |   288433     6539      5 |       15992  -        6065 | 48.651 %  |
|         5 |      1318 |  265640   650112  1600817 |   484124     6619      5 |       23988  -        5302 | 48.651 %  |
|         2 |       475 |  265640   650112  1600817 |   400102     6647      5 |       21989  -        6173 | 48.651 %  |
|         3 |      1318 |  265640   650112  1600817 |   484124     6855      6 |      228969  -        5538 | 48.651 %  |
|         1 |       475 |  265640   650112  1600817 |   400102     8018      5 |       21989  -        7544 | 48.651 %  |
|         0 |       812 |  265640   650112  1600817 |   317277     8388      5 |       15992  -        7577 | 48.651 %  |
|         2 |       812 |  265640   650112  1600817 |   440112     8373      5 |       21989  -        7562 | 48.651 %  |
|         1 |       812 |  265640   650112  1600817 |   440112     9358      5 |       21989  -        8547 | 48.651 %  |
|         0 |      1318 |  265640   650112  1600817 |   349005     9958      5 |       15992  -        8641 | 48.651 %  |
|         6 |       812 |  265640   650112  1600817 |   440112    10587      5 |       21989  -        9774 | 48.651 %  |
|         2 |      1318 |  265640   650112  1600817 |   484124    10964      5 |       21989  -        9647 | 48.651 %  |
|         5 |      2077 |  265640   650112  1600817 |   532536    11582      5 |       23988  -        9506 | 48.651 %  |
|         5 |      3216 |  265640   650112  1600817 |   585790    12825      5 |       23988  -        9610 | 48.651 %  |
|         1 |      1318 |  265640   650112  1600817 |   484124    12658      5 |       21989  -       11341 | 48.651 %  |
|         3 |      2077 |  265640   650112  1600817 |   532536    13189      6 |      228969  -       11113 | 48.651 %  |
|         7 |      1318 |  265640   650112  1600817 |   484124    13549      6 |       19990  -       12232 | 48.651 %  |
|         6 |      1318 |  265640   650112  1600817 |   484124    14294      5 |       21989  -       12975 | 48.651 %  |
|         4 |      2077 |  265640   650112  1600817 |   532536    14459      5 |       23988  -       12383 | 48.651 %  |
|         2 |      2077 |  265640   650112  1600817 |   532536    15465      5 |       21989  -       13389 | 48.651 %  |
|         1 |      2077 |  265640   650112  1600817 |   532536    17011      5 |       21989  -       14935 | 48.651 %  |
|         1 |      3216 |  265640   650112  1600817 |   585790    18468      5 |       21989  -       15252 | 48.651 %  |
|         3 |      3216 |  265640   650112  1600817 |   585790    19529      6 |      228969  -       16314 | 48.651 %  |
|         0 |      2077 |  265640   650112  1600817 |   383905    20488      5 |       15992  -       18412 | 48.651 %  |
|         0 |      3216 |  265640   650112  1600817 |   422296    22733      5 |       15992  -       19518 | 48.651 %  |
|         1 |      4924 |  265640   650112  1600817 |   644369    23366      6 |       21989  -       18442 | 48.651 %  |
|         5 |      4924 |  265640   650112  1600817 |   644369    24885      6 |       23988  -       19962 | 48.651 %  |
|         7 |      2077 |  265640   650112  1600817 |   532536    25166      6 |       19990  -       23090 | 48.651 %  |
|         0 |      4924 |  265640   650112  1600817 |   464525    28832      6 |       15992  -       23909 | 48.651 %  |
|         2 |      3216 |  265640   650112  1600817 |   585790    31555      5 |       21989  -       28340 | 48.651 %  |
|         6 |      2077 |  265640   650112  1600817 |   532536    32799      5 |       21989  -       30721 | 48.651 %  |
|         0 |      7486 |  265640   650112  1600817 |   510978    33602      6 |       15992  -       26117 | 48.651 %  |
|         3 |      4924 |  265640   650112  1600817 |   644369    33581      6 |      228969  -       28658 | 48.651 %  |
|         4 |      3216 |  265640   650112  1600817 |   585790    33598      5 |       23988  -       30383 | 48.651 %  |
|         1 |      7486 |  265640   650112  1600817 |   708806    35428      6 |       21989  -       27942 | 48.651 %  |
|         6 |      3216 |  265640   650112  1600817 |   585790    39053      6 |       21989  -       35836 | 48.651 %  |
|         4 |      4924 |  265640   650112  1600817 |   644369    43228      6 |       23988  -       38305 | 48.651 %  |
|         6 |      4924 |  265640   650112  1600817 |   644369    44915      6 |       21989  -       39990 | 48.651 %  |
|         4 |      7486 |  265640   650112  1600817 |   708806    48669      6 |       23988  -       41184 | 48.651 %  |
|         6 |      7486 |  265640   650112  1600817 |   708806    51607      6 |       21989  -       44120 | 48.651 %  |
|         0 |     11330 |  265640   650112  1600817 |   562076    54617      6 |       15992  -       43288 | 48.651 %  |
|         4 |     11330 |  265640   650112  1600817 |   779686    57324      6 |       23988  -       45995 | 48.651 %  |
|         2 |      4924 |  265640   650112  1600817 |   644369    56546      6 |       21989  -       51623 | 48.651 %  |
|         5 |      7486 |  265640   650112  1600817 |   708806    59891      6 |       23988  -       52406 | 48.651 %  |
|         7 |      3216 |  265640   650112  1600817 |   585790    61554      6 |       19990  -       58339 | 48.651 %  |
|         4 |     17096 |  265640   650112  1600817 |   857655    67935      6 |       23988  -       50840 | 48.651 %  |
|         2 |      7486 |  265640   650112  1600817 |   708806    73375      6 |       21989  -       65890 | 48.651 %  |
|         0 |     17096 |  265640   650112  1600817 |   618283    79433      6 |       15992  -       62338 | 48.651 %  |
|         5 |     11330 |  265640   650112  1600817 |   779686    85183      6 |       23988  -       73854 | 48.651 %  |
|         2 |     11330 |  265640   650112  1600817 |   779686    86846      6 |       21989  -       75517 | 48.651 %  |
|         3 |      7486 |  265640   650112  1600817 |   708806    95960      6 |      228969  -       88475 | 48.651 %  |
|         7 |      4924 |  265640   650112  1600817 |   644369    96436      6 |       19990  -       91513 | 48.651 %  |
|         2 |     17096 |  265640   650112  1600817 |   857655    99180      6 |       21989  -       82085 | 48.651 %  |
|         6 |     11330 |  265640   650112  1600817 |   779686   109058      6 |       21989  -       97727 | 48.651 %  |
|         2 |     25745 |  265640   650112  1600817 |   943420   111276      6 |       21989  -       85532 | 48.651 %  |
|         1 |     11330 |  265640   650112  1600817 |   779686   111052      6 |       21989  -       99722 | 48.651 %  |
|         2 |     38719 |  265640   650112  1600817 |  1037763   126693      6 |       21989  -       87975 | 48.651 %  |
|         7 |      7486 |  265640   650112  1600817 |   708806   128779      6 |       19990  -      121294 | 48.651 %  |
|         7 |     11330 |  265640   650112  1600817 |   779686   136747      6 |       19990  -      125418 | 48.651 %  |
|         6 |     17096 |  265640   650112  1600817 |   857655   147030      6 |       21989  -      129933 | 48.651 %  |
|         4 |     25745 |  265640   650112  1600817 |   943420   150773      6 |       23988  -      125029 | 48.651 %  |
|         0 |     25745 |  265640   650112  1600817 |   680112   152617      6 |       15992  -      126873 | 48.651 %  |
|         7 |     17096 |  265640   650112  1600817 |   857655   153455      6 |       19990  -      136360 | 48.651 %  |
|         5 |     17096 |  265640   650112  1600817 |   857655   160315      6 |       23988  -      143219 | 48.651 %  |
|         3 |     11330 |  265639   650110  1600813 |   779686   163302      6 |      228970  -      151992 | 48.651 %  |
|         1 |     17096 |  265640   650112  1600817 |   857655   167760      6 |       21990  -      150664 | 48.651 %  |
|         3 |     17096 |  265639   650110  1600813 |   857655   179394      6 |      228970  -      162318 | 48.651 %  |
|         7 |     25745 |  265639   650110  1600813 |   943420   186289      6 |       19990  -      160565 | 48.651 %  |
|         3 |     25745 |  265639   650110  1600813 |   943420   212551      6 |      228970  -      186826 | 48.651 %  |
|         2 |     58180 |  265639   650110  1600813 |  1141539   220338      7 |       21990  -      162178 | 48.651 %  |
|         1 |     25745 |  265639   650110  1600813 |   943420   216761      7 |       21990  -      191035 | 48.651 %  |
|         6 |     25745 |  265639   650110  1600813 |   943420   219788      6 |       21990  -      194061 | 48.651 %  |
|         0 |     38719 |  265639   650110  1600813 |   748123   244300      7 |       15993  -      205601 | 48.651 %  |
|         7 |     38719 |  265639   650110  1600813 |  1037763   251063      7 |       19990  -      212365 | 48.651 %  |
|         5 |     25745 |  265639   650110  1600813 |   943420   255806      7 |       23989  -      230079 | 48.651 %  |
|         1 |     38719 |  265639   650110  1600813 |  1037763   274908      7 |       21990  -      236208 | 48.651 %  |
|         3 |     38719 |  265639   650110  1600813 |  1037763   276430      7 |      228970  -      237731 | 48.651 %  |
|         4 |     38719 |  265639   650110  1600813 |  1037763   286345      7 |       23989  -      247645 | 48.651 %  |
|         6 |     38719 |  265639   650110  1600813 |  1037763   299976      7 |       21990  -      261275 | 48.651 %  |
|         2 |     87372 |  265639   650110  1600813 |  1255693   346854      7 |       21990  -      259501 | 48.651 %  |
|         7 |     58180 |  265639   650110  1600813 |  1141539   359915      7 |       19990  -      301754 | 48.651 %  |
|         5 |     38719 |  265639   650110  1600813 |  1037763   351680      7 |       23989  -      312977 | 48.651 %  |
|         1 |     58180 |  265638   650109  1600810 |  1141539   365466      7 |       21990  -      307337 | 48.651 %  |
|         4 |     58180 |  250933   604111  1485582 |  1141539   302474      7 |       32367  -      330009 | 51.494 %  |
|         3 |     58180 |  248173   595499  1464002 |  1141539   303520      7 |      267346  -      349383 | 52.027 %  |
|         6 |     58180 |  245849   588422  1446275 |  1141539   310517      7 |       51187  -      368898 | 52.476 %  |
|         0 |     58180 |  243503   580830  1427267 |   822935   314896      7 |       64614  -      383397 | 52.930 %  |
|         5 |     58180 |  242185   577996  1420173 |  1141539   327145      7 |       81126  -      401311 | 53.185 %  |
|         7 |     87372 |  242132   576510  1416453 |  1255693   372877      7 |       79966  -      425318 | 53.195 %  |
|         1 |     87372 |  237001   565444  1388753 |  1255693   373859      7 |      102305  -      442453 | 54.187 %  |
|         4 |     87372 |  237001   565201  1388144 |  1255693   376010      7 |       96320  -      447524 | 54.187 %  |
 =======================================================================================================================
 -----------------------------------------------------------------------------------------------------------------------
| ManySAT 2.2 - all threads statistics           DETERMINISTIC MODE ? N              initial limit export clauses :  10 |
|-----------------------------------------------------------------------------------------------------------------------|
|  Thread  | winner  |   #restarts   |   decisions   |  #conflicts   |   % shared cls  |  #extra units | #extra clauses |         
|----------|---------|---------------|---------------|---------------|-----------------|---------------|----------------|
|        0 |       x |           252 |      27811283 |         78585 |           806 % |        134972 |         498432 |
|        1 |         |           255 |      21994630 |         97907 |           627 % |        128652 |         486046 |
|        2 |         |           354 |      27585621 |        130365 |           479 % |        163583 |         461540 |
|        3 |         |           254 |      27026676 |         85183 |          1021 % |        373973 |         495879 |
|        4 |         |           255 |      32098456 |         97469 |           640 % |        136348 |         487577 |
|        5 |         |           243 |      34220028 |         76426 |           852 % |        151330 |         500514 |
|        6 |         |           254 |      26712939 |         85068 |           747 % |        139984 |         495869 |
|        7 |         |           255 |      29744420 |        101024 |           608 % |        128395 |         485952 |
|----------------------------------------------------|---------------|-----------------|---------------|----------------|
|                                                    |        752027 |           700 % |       1357237 |        3911809 |
 -----------------------------------------------------------------------------------------------------------------------
 DETERMINISTIC_MODE? : NO 
 CONTROL POLICY?	 : STATIC (fixed Limit Export Clauses)  
 LIMIT EXPORT CLAUSES (PAIRWISE) : [identity] x 10

  ----------------------------------------         
   winner:  more statistics           
  ----------------------------------------         
  restarts              : 252
  conflicts             : 78585          (53 /sec)
  decisions             : 27811283       (0.00 % random) (18797 /sec)
  propagations          : 525158039      (354934 /sec)
  conflict literals     : 666812         (35.74 % deleted)
  Memory used           : 1721.00 MB
  CPU time              : 1479.59 s

UNSATISFIABLE
